=== LAYOUT ANCHORS ===
354:              688       19    183          650         155   2,867          612       254 10,911         574       346 22,712
413:              684       31    277          646         141   3,432          608       266 11,943         570       340 24,127
449:              682       37    344          644         168   3,749          606       294 12,512         568       385 24,860
554:              676       32    542          638         181   4,847          600       307 14,235         562       350 27,032
708:              556       380 29,264       518         412 45,336       480       463 62,667        442       474 80,305
780:              550       406 31,674       512         430 48,048       474       479 65,491        436       442 83,014
796:              549       427 32,101       511         432 48,480       473       469 65,960        435       458 83,472
854:              546       428 33,341       508         451 49,824       470       453 67,369        432       438 84,797
876:              545       450 33,791       507         465 50,289       469       461 67,830        431       429 85,226
1158:              527       412 41,379       489         466 58,459       451       480 76,170        413       456 93,170
1181:              526       461 41,840       488         465 58,924       450       482 76,652        412       440 93,610
1409:              400       449 98,648        362         340 113,296       324       264 124,750       286       160 132,700
1422:              399       409 99,057        361         354 113,650       323       246 124,996       285       164 132,864
1585:              389       385 103,064       351         344 116,895       313       213 127,321       275       154 134,506
1603:              388       376 103,440       350         307 117,202       312       229 127,550       274       146 134,652
1695:              382       375 105,827       344         304 119,069       306       231 128,873       268       163 135,514
1759:              378       388 107,353       340         265 120,229       302       211 129,735       264       150 136,092
2018:              252       96 137,508        214         58 140,490       176         13 141,502
2124:              244       93 138,344        206         33 140,832       168         10 141,584
2275:              235       101 139,147       197         24 141,116       159         6   141,650
2391:              227       73 139,720        189         12 141,293       150         7   141,691
=== RAW ANCHORS ===
=== LAYOUT FIRST 260 ===
                                                                                                         生
                                                                 宁




                                                                                                     招
                                                             辽




                                                                                                  育
                   辽宁省2026年普通高校招生考试成绩统计表(物理学科类)




                                                                                                 教




                                                                                                                                  员
                                                                                              等




                                                                                                                                 委
                                                                                           中




                                                                                                                                试
                                                                                          高




                                                                                                                            考
              分数        人数   累计               分数       人数    累计             分数        人数    累计           分数        人数   累计




                                                                                        省




                                                                                                                          生
              708及以上 10          10        670         62        861        632       185   6,028        594       290 16,001




                                                                                      宁




                                                                                                                        招
                                                                                  辽
                                          室
              707       4        14        669         57        918        631       217   6,245        593       341 16,342




                                                                                                                    育
                                      公




                                                                                                                   教
              706       2        16        668         81        999        630       215   6,460        592       306 16,648

                                      办




                                                                                                                等
                                 会




                                                                                                               中
              705       4        20        667         79    1,078          629       213   6,673        591       349 16,997
                              员




                                                                                                            高
              704       6        26        666         81    1,159          628       230   6,903        590       304 17,301
                             委




                                                                                                         省
                        试




                                                                                                     宁
              703       4        30        665         67    1,226          627       223   7,126        589       316 17,617
                        考




                                                                                                    辽
                                                             室
                    生




              702       7        37        664         83    1,309          626       241   7,367        588       300 17,917



                                                            公
                    招




                                                       办




                                                                                                                                 等
              701       2        39        663         80    1,389          625       235   7,602        587       328 18,245
              育




                                                     会




                                                                                                                                中
             教




                                                   员
              700       2        41        662         98    1,487          624       241   7,843        586       335 18,580




                                                                                                                             高
         等




                                               委




                                                                                                                          省
              699       4        45        661         105   1,592          623       206   8,049        585       342 18,922
        中




                                              试




                                                                                                                        宁
    高




                                          考




                                                                                                                      辽
              698       4        49        660         100   1,692          622       275   8,324        584       350 19,272




                                                                                  室
    省




                                      生




                                                                                公
宁




              697       4        53        659         97    1,789          621       247   8,571        583       339 19,611
                                      招




                                                                            办
                                 育




              696       9        62        658         103   1,892
                                                                           会620       242   8,813        582       340 19,951
                              教




                                                                        员
                             等




              695       8        70        657         113   2,005          619       272   9,085        581       361 20,312
                                                                       委
                         中




                                                                  试



              694       6        76        656         101   2,106          618       254   9,339        580       384 20,696
                        高

=== RAW FIRST 260 ===
辽宁省2026年普通高校招生考试成绩统计表(物理学科类)
分数 人数 累计
708 10 10
及以上
707 4 14
706 2 16
705 4 20
704 6 26
703 4 30
702 7 37
701 2 39
700 2 41
699 4 45
698 4 49
697 4 53
696 9 62
695 8 70
694 6 76
693 11 87
692 24 111
691 16 127
690 16 143
689 21 164
688 19 183
687 14 197
686 23 220
685 26 246
684 31 277
683 30 307
682 37 344
681 22 366
680 38 404
679 34 438
678 37 475
677 35 510
676 32 542
675 49 591
674 44 635
673 52 687
672 58 745
671 54 799
分数 人数 累计
670 62 861
669 57 918
668 81 999
667 79 1,078
666 81 1,159
665 67 1,226
664 83 1,309
663 80 1,389
662 98 1,487
661 105 1,592
660 100 1,692
659 97 1,789
658 103 1,892
657 113 2,005
656 101 2,106
655 117 2,223
654 123 2,346
653 105 2,451
652 138 2,589
651 123 2,712
650 155 2,867
649 144 3,011
648 137 3,148
647 143 3,291
646 141 3,432
645 149 3,581
644 168 3,749
643 170 3,919
642 168 4,087
641 178 4,265
640 170 4,435
639 231 4,666
638 181 4,847
637 179 5,026
636 213 5,239
635 197 5,436
634 179 5,615
633 228 5,843
分数 人数 累计
632 185 6,028
631 217 6,245
630 215 6,460
629 213 6,673
628 230 6,903
627 223 7,126
626 241 7,367
625 235 7,602
624 241 7,843
623 206 8,049
622 275 8,324
621 247 8,571
620 242 8,813
619 272 9,085
618 254 9,339
617 273 9,612
616 256 9,868
615 277 10,145
614 240 10,385
613 272 10,657
612 254 10,911
611 267 11,178
610 255 11,433
609 244 11,677
608 266 11,943
607 275 12,218
606 294 12,512
605 278 12,790
604 276 13,066
603 271 13,337
602 287 13,624
601 304 13,928
600 307 14,235
599 277 14,512
598 298 14,810
597 285 15,095
596 346 15,441
595 270 15,711
分数 人数 累计
594 290 16,001
593 341 16,342
592 306 16,648
591 349 16,997
590 304 17,301
589 316 17,617
588 300 17,917
587 328 18,245
586 335 18,580
585 342 18,922
584 350 19,272
583 339 19,611
582 340 19,951
581 361 20,312
580 384 20,696
579 355 21,051
578 318 21,369
577 311 21,680
576 370 22,050
575 316 22,366
574 346 22,712
573 364 23,076
572 365 23,441
571 346 23,787
570 340 24,127
569 348 24,475
568 385 24,860
567 361 25,221
566 365 25,586
565 359 25,945
564 366 26,311
563 371 26,682
562 350 27,032
561 390 27,422
560 361 27,783
559 346 28,129
558 357 28,486
557 398 28,884
页码 1
表中的成绩为文化课总分与政策加分之和，人数为普通类、艺术类和体育类人数之和。
辽
宁
省
高
中
等
教
育
招
生
考
试
委
员
会
办
室
生
考
试
委
员
会
办
公
室
高
中
等
教
育
招
生
考
试
委
员
会
办
公
室
试
委
员
会
办
公
室
辽
宁
省
高
中
等
教
育
招
生
考
试
委
员
会
办
公
室
辽
宁
省
高
中
等
教
育
招
生
考
试
委
员
会
办
公
室
辽
宁
省
高
中
等
教
育
招
生
考
试
委
员
会
办
